84
1 2 -1
2 2 -0.99875
3 2 -0.995004
4 2 -0.988771
5 2 -0.980067
6 2 -0.968912
7 2 -0.955336
8 2 -0.939373
9 2 -0.921061
10 2 -0.900447
11 2 -0.877583
12 2 -0.852525
13 2 -0.825336
14 2 -0.796084
15 2 -0.764842
16 2 -0.731689
17 2 -0.696707
18 2 -0.659983
19 2 -0.62161
20 2 -0.581683
21 2 -0.540302
21 1 2.84147
42 1 2.86742
63 1 2.89121
84 1 2.91276
105 1 2.93204
126 1 2.94898
147 1 2.96356
168 1 2.97572
189 1 2.98545
210 1 2.99271
231 1 2.99749
252 1 2.99978
273 1 2.99957
294 1 2.99687
315 1 2.99166
336 1 2.98399
357 1 2.97385
378 1 2.96128
399 1 2.9463
420 1 2.92896
441 1 2.9093
441 2 -0.416147
440 2 -0.370181
439 2 -0.32329
438 2 -0.27559
437 2 -0.227202
436 2 -0.178246
435 2 -0.128844
434 2 -0.0791209
433 2 -0.0291995
432 2 0.0207948
431 2 0.0707372
430 2 0.120503
429 2 0.169967
428 2 0.219007
427 2 0.267499
426 2 0.315322
425 2 0.362358
424 2 0.408487
423 2 0.453596
422 2 0.497571
421 2 0.540302
421 1 2.84147
400 1 2.81342
379 1 2.78333
358 1 2.75128
337 1 2.71736
316 1 2.68164
295 1 2.64422
274 1 2.60519
253 1 2.56464
232 1 2.52269
211 1 2.47943
190 1 2.43497
169 1 2.38942
148 1 2.3429
127 1 2.29552
106 1 2.2474
85 1 2.19867
64 1 2.14944
43 1 2.09983
22 1 2.04998
1 1 2
