800 441 1
1 3 1 2 23 
2 3 23 22 1 
3 3 2 3 24 
4 3 24 23 2 
5 3 3 4 25 
6 3 25 24 3 
7 3 4 5 26 
8 3 26 25 4 
9 3 5 6 27 
10 3 27 26 5 
11 3 6 7 28 
12 3 28 27 6 
13 3 7 8 29 
14 3 29 28 7 
15 3 8 9 30 
16 3 30 29 8 
17 3 9 10 31 
18 3 31 30 9 
19 3 10 11 32 
20 3 32 31 10 
21 3 11 12 33 
22 3 33 32 11 
23 3 12 13 34 
24 3 34 33 12 
25 3 13 14 35 
26 3 35 34 13 
27 3 14 15 36 
28 3 36 35 14 
29 3 15 16 37 
30 3 37 36 15 
31 3 16 17 38 
32 3 38 37 16 
33 3 17 18 39 
34 3 39 38 17 
35 3 18 19 40 
36 3 40 39 18 
37 3 19 20 41 
38 3 41 40 19 
39 3 20 21 42 
40 3 42 41 20 
41 3 22 23 44 
42 3 44 43 22 
43 3 23 24 45 
44 3 45 44 23 
45 3 24 25 46 
46 3 46 45 24 
47 3 25 26 47 
48 3 47 46 25 
49 3 26 27 48 
50 3 48 47 26 
51 3 27 28 49 
52 3 49 48 27 
53 3 28 29 50 
54 3 50 49 28 
55 3 29 30 51 
56 3 51 50 29 
57 3 30 31 52 
58 3 52 51 30 
59 3 31 32 53 
60 3 53 52 31 
61 3 32 33 54 
62 3 54 53 32 
63 3 33 34 55 
64 3 55 54 33 
65 3 34 35 56 
66 3 56 55 34 
67 3 35 36 57 
68 3 57 56 35 
69 3 36 37 58 
70 3 58 57 36 
71 3 37 38 59 
72 3 59 58 37 
73 3 38 39 60 
74 3 60 59 38 
75 3 39 40 61 
76 3 61 60 39 
77 3 40 41 62 
78 3 62 61 40 
79 3 41 42 63 
80 3 63 62 41 
81 3 43 44 65 
82 3 65 64 43 
83 3 44 45 66 
84 3 66 65 44 
85 3 45 46 67 
86 3 67 66 45 
87 3 46 47 68 
88 3 68 67 46 
89 3 47 48 69 
90 3 69 68 47 
91 3 48 49 70 
92 3 70 69 48 
93 3 49 50 71 
94 3 71 70 49 
95 3 50 51 72 
96 3 72 71 50 
97 3 51 52 73 
98 3 73 72 51 
99 3 52 53 74 
100 3 74 73 52 
101 3 53 54 75 
102 3 75 74 53 
103 3 54 55 76 
104 3 76 75 54 
105 3 55 56 77 
106 3 77 76 55 
107 3 56 57 78 
108 3 78 77 56 
109 3 57 58 79 
110 3 79 78 57 
111 3 58 59 80 
112 3 80 79 58 
113 3 59 60 81 
114 3 81 80 59 
115 3 60 61 82 
116 3 82 81 60 
117 3 61 62 83 
118 3 83 82 61 
119 3 62 63 84 
120 3 84 83 62 
121 3 64 65 86 
122 3 86 85 64 
123 3 65 66 87 
124 3 87 86 65 
125 3 66 67 88 
126 3 88 87 66 
127 3 67 68 89 
128 3 89 88 67 
129 3 68 69 90 
130 3 90 89 68 
131 3 69 70 91 
132 3 91 90 69 
133 3 70 71 92 
134 3 92 91 70 
135 3 71 72 93 
136 3 93 92 71 
137 3 72 73 94 
138 3 94 93 72 
139 3 73 74 95 
140 3 95 94 73 
141 3 74 75 96 
142 3 96 95 74 
143 3 75 76 97 
144 3 97 96 75 
145 3 76 77 98 
146 3 98 97 76 
147 3 77 78 99 
148 3 99 98 77 
149 3 78 79 100 
150 3 100 99 78 
151 3 79 80 101 
152 3 101 100 79 
153 3 80 81 102 
154 3 102 101 80 
155 3 81 82 103 
156 3 103 102 81 
157 3 82 83 104 
158 3 104 103 82 
159 3 83 84 105 
160 3 105 104 83 
161 3 85 86 107 
162 3 107 106 85 
163 3 86 87 108 
164 3 108 107 86 
165 3 87 88 109 
166 3 109 108 87 
167 3 88 89 110 
168 3 110 109 88 
169 3 89 90 111 
170 3 111 110 89 
171 3 90 91 112 
172 3 112 111 90 
173 3 91 92 113 
174 3 113 112 91 
175 3 92 93 114 
176 3 114 113 92 
177 3 93 94 115 
178 3 115 114 93 
179 3 94 95 116 
180 3 116 115 94 
181 3 95 96 117 
182 3 117 116 95 
183 3 96 97 118 
184 3 118 117 96 
185 3 97 98 119 
186 3 119 118 97 
187 3 98 99 120 
188 3 120 119 98 
189 3 99 100 121 
190 3 121 120 99 
191 3 100 101 122 
192 3 122 121 100 
193 3 101 102 123 
194 3 123 122 101 
195 3 102 103 124 
196 3 124 123 102 
197 3 103 104 125 
198 3 125 124 103 
199 3 104 105 126 
200 3 126 125 104 
201 3 106 107 128 
202 3 128 127 106 
203 3 107 108 129 
204 3 129 128 107 
205 3 108 109 130 
206 3 130 129 108 
207 3 109 110 131 
208 3 131 130 109 
209 3 110 111 132 
210 3 132 131 110 
211 3 111 112 133 
212 3 133 132 111 
213 3 112 113 134 
214 3 134 133 112 
215 3 113 114 135 
216 3 135 134 113 
217 3 114 115 136 
218 3 136 135 114 
219 3 115 116 137 
220 3 137 136 115 
221 3 116 117 138 
222 3 138 137 116 
223 3 117 118 139 
224 3 139 138 117 
225 3 118 119 140 
226 3 140 139 118 
227 3 119 120 141 
228 3 141 140 119 
229 3 120 121 142 
230 3 142 141 120 
231 3 121 122 143 
232 3 143 142 121 
233 3 122 123 144 
234 3 144 143 122 
235 3 123 124 145 
236 3 145 144 123 
237 3 124 125 146 
238 3 146 145 124 
239 3 125 126 147 
240 3 147 146 125 
241 3 127 128 149 
242 3 149 148 127 
243 3 128 129 150 
244 3 150 149 128 
245 3 129 130 151 
246 3 151 150 129 
247 3 130 131 152 
248 3 152 151 130 
249 3 131 132 153 
250 3 153 152 131 
251 3 132 133 154 
252 3 154 153 132 
253 3 133 134 155 
254 3 155 154 133 
255 3 134 135 156 
256 3 156 155 134 
257 3 135 136 157 
258 3 157 156 135 
259 3 136 137 158 
260 3 158 157 136 
261 3 137 138 159 
262 3 159 158 137 
263 3 138 139 160 
264 3 160 159 138 
265 3 139 140 161 
266 3 161 160 139 
267 3 140 141 162 
268 3 162 161 140 
269 3 141 142 163 
270 3 163 162 141 
271 3 142 143 164 
272 3 164 163 142 
273 3 143 144 165 
274 3 165 164 143 
275 3 144 145 166 
276 3 166 165 144 
277 3 145 146 167 
278 3 167 166 145 
279 3 146 147 168 
280 3 168 167 146 
281 3 148 149 170 
282 3 170 169 148 
283 3 149 150 171 
284 3 171 170 149 
285 3 150 151 172 
286 3 172 171 150 
287 3 151 152 173 
288 3 173 172 151 
289 3 152 153 174 
290 3 174 173 152 
291 3 153 154 175 
292 3 175 174 153 
293 3 154 155 176 
294 3 176 175 154 
295 3 155 156 177 
296 3 177 176 155 
297 3 156 157 178 
298 3 178 177 156 
299 3 157 158 179 
300 3 179 178 157 
301 3 158 159 180 
302 3 180 179 158 
303 3 159 160 181 
304 3 181 180 159 
305 3 160 161 182 
306 3 182 181 160 
307 3 161 162 183 
308 3 183 182 161 
309 3 162 163 184 
310 3 184 183 162 
311 3 163 164 185 
312 3 185 184 163 
313 3 164 165 186 
314 3 186 185 164 
315 3 165 166 187 
316 3 187 186 165 
317 3 166 167 188 
318 3 188 187 166 
319 3 167 168 189 
320 3 189 188 167 
321 3 169 170 191 
322 3 191 190 169 
323 3 170 171 192 
324 3 192 191 170 
325 3 171 172 193 
326 3 193 192 171 
327 3 172 173 194 
328 3 194 193 172 
329 3 173 174 195 
330 3 195 194 173 
331 3 174 175 196 
332 3 196 195 174 
333 3 175 176 197 
334 3 197 196 175 
335 3 176 177 198 
336 3 198 197 176 
337 3 177 178 199 
338 3 199 198 177 
339 3 178 179 200 
340 3 200 199 178 
341 3 179 180 201 
342 3 201 200 179 
343 3 180 181 202 
344 3 202 201 180 
345 3 181 182 203 
346 3 203 202 181 
347 3 182 183 204 
348 3 204 203 182 
349 3 183 184 205 
350 3 205 204 183 
351 3 184 185 206 
352 3 206 205 184 
353 3 185 186 207 
354 3 207 206 185 
355 3 186 187 208 
356 3 208 207 186 
357 3 187 188 209 
358 3 209 208 187 
359 3 188 189 210 
360 3 210 209 188 
361 3 190 191 212 
362 3 212 211 190 
363 3 191 192 213 
364 3 213 212 191 
365 3 192 193 214 
366 3 214 213 192 
367 3 193 194 215 
368 3 215 214 193 
369 3 194 195 216 
370 3 216 215 194 
371 3 195 196 217 
372 3 217 216 195 
373 3 196 197 218 
374 3 218 217 196 
375 3 197 198 219 
376 3 219 218 197 
377 3 198 199 220 
378 3 220 219 198 
379 3 199 200 221 
380 3 221 220 199 
381 3 200 201 222 
382 3 222 221 200 
383 3 201 202 223 
384 3 223 222 201 
385 3 202 203 224 
386 3 224 223 202 
387 3 203 204 225 
388 3 225 224 203 
389 3 204 205 226 
390 3 226 225 204 
391 3 205 206 227 
392 3 227 226 205 
393 3 206 207 228 
394 3 228 227 206 
395 3 207 208 229 
396 3 229 228 207 
397 3 208 209 230 
398 3 230 229 208 
399 3 209 210 231 
400 3 231 230 209 
401 3 211 212 233 
402 3 233 232 211 
403 3 212 213 234 
404 3 234 233 212 
405 3 213 214 235 
406 3 235 234 213 
407 3 214 215 236 
408 3 236 235 214 
409 3 215 216 237 
410 3 237 236 215 
411 3 216 217 238 
412 3 238 237 216 
413 3 217 218 239 
414 3 239 238 217 
415 3 218 219 240 
416 3 240 239 218 
417 3 219 220 241 
418 3 241 240 219 
419 3 220 221 242 
420 3 242 241 220 
421 3 221 222 243 
422 3 243 242 221 
423 3 222 223 244 
424 3 244 243 222 
425 3 223 224 245 
426 3 245 244 223 
427 3 224 225 246 
428 3 246 245 224 
429 3 225 226 247 
430 3 247 246 225 
431 3 226 227 248 
432 3 248 247 226 
433 3 227 228 249 
434 3 249 248 227 
435 3 228 229 250 
436 3 250 249 228 
437 3 229 230 251 
438 3 251 250 229 
439 3 230 231 252 
440 3 252 251 230 
441 3 232 233 254 
442 3 254 253 232 
443 3 233 234 255 
444 3 255 254 233 
445 3 234 235 256 
446 3 256 255 234 
447 3 235 236 257 
448 3 257 256 235 
449 3 236 237 258 
450 3 258 257 236 
451 3 237 238 259 
452 3 259 258 237 
453 3 238 239 260 
454 3 260 259 238 
455 3 239 240 261 
456 3 261 260 239 
457 3 240 241 262 
458 3 262 261 240 
459 3 241 242 263 
460 3 263 262 241 
461 3 242 243 264 
462 3 264 263 242 
463 3 243 244 265 
464 3 265 264 243 
465 3 244 245 266 
466 3 266 265 244 
467 3 245 246 267 
468 3 267 266 245 
469 3 246 247 268 
470 3 268 267 246 
471 3 247 248 269 
472 3 269 268 247 
473 3 248 249 270 
474 3 270 269 248 
475 3 249 250 271 
476 3 271 270 249 
477 3 250 251 272 
478 3 272 271 250 
479 3 251 252 273 
480 3 273 272 251 
481 3 253 254 275 
482 3 275 274 253 
483 3 254 255 276 
484 3 276 275 254 
485 3 255 256 277 
486 3 277 276 255 
487 3 256 257 278 
488 3 278 277 256 
489 3 257 258 279 
490 3 279 278 257 
491 3 258 259 280 
492 3 280 279 258 
493 3 259 260 281 
494 3 281 280 259 
495 3 260 261 282 
496 3 282 281 260 
497 3 261 262 283 
498 3 283 282 261 
499 3 262 263 284 
500 3 284 283 262 
501 3 263 264 285 
502 3 285 284 263 
503 3 264 265 286 
504 3 286 285 264 
505 3 265 266 287 
506 3 287 286 265 
507 3 266 267 288 
508 3 288 287 266 
509 3 267 268 289 
510 3 289 288 267 
511 3 268 269 290 
512 3 290 289 268 
513 3 269 270 291 
514 3 291 290 269 
515 3 270 271 292 
516 3 292 291 270 
517 3 271 272 293 
518 3 293 292 271 
519 3 272 273 294 
520 3 294 293 272 
521 3 274 275 296 
522 3 296 295 274 
523 3 275 276 297 
524 3 297 296 275 
525 3 276 277 298 
526 3 298 297 276 
527 3 277 278 299 
528 3 299 298 277 
529 3 278 279 300 
530 3 300 299 278 
531 3 279 280 301 
532 3 301 300 279 
533 3 280 281 302 
534 3 302 301 280 
535 3 281 282 303 
536 3 303 302 281 
537 3 282 283 304 
538 3 304 303 282 
539 3 283 284 305 
540 3 305 304 283 
541 3 284 285 306 
542 3 306 305 284 
543 3 285 286 307 
544 3 307 306 285 
545 3 286 287 308 
546 3 308 307 286 
547 3 287 288 309 
548 3 309 308 287 
549 3 288 289 310 
550 3 310 309 288 
551 3 289 290 311 
552 3 311 310 289 
553 3 290 291 312 
554 3 312 311 290 
555 3 291 292 313 
556 3 313 312 291 
557 3 292 293 314 
558 3 314 313 292 
559 3 293 294 315 
560 3 315 314 293 
561 3 295 296 317 
562 3 317 316 295 
563 3 296 297 318 
564 3 318 317 296 
565 3 297 298 319 
566 3 319 318 297 
567 3 298 299 320 
568 3 320 319 298 
569 3 299 300 321 
570 3 321 320 299 
571 3 300 301 322 
572 3 322 321 300 
573 3 301 302 323 
574 3 323 322 301 
575 3 302 303 324 
576 3 324 323 302 
577 3 303 304 325 
578 3 325 324 303 
579 3 304 305 326 
580 3 326 325 304 
581 3 305 306 327 
582 3 327 326 305 
583 3 306 307 328 
584 3 328 327 306 
585 3 307 308 329 
586 3 329 328 307 
587 3 308 309 330 
588 3 330 329 308 
589 3 309 310 331 
590 3 331 330 309 
591 3 310 311 332 
592 3 332 331 310 
593 3 311 312 333 
594 3 333 332 311 
595 3 312 313 334 
596 3 334 333 312 
597 3 313 314 335 
598 3 335 334 313 
599 3 314 315 336 
600 3 336 335 314 
601 3 316 317 338 
602 3 338 337 316 
603 3 317 318 339 
604 3 339 338 317 
605 3 318 319 340 
606 3 340 339 318 
607 3 319 320 341 
608 3 341 340 319 
609 3 320 321 342 
610 3 342 341 320 
611 3 321 322 343 
612 3 343 342 321 
613 3 322 323 344 
614 3 344 343 322 
615 3 323 324 345 
616 3 345 344 323 
617 3 324 325 346 
618 3 346 345 324 
619 3 325 326 347 
620 3 347 346 325 
621 3 326 327 348 
622 3 348 347 326 
623 3 327 328 349 
624 3 349 348 327 
625 3 328 329 350 
626 3 350 349 328 
627 3 329 330 351 
628 3 351 350 329 
629 3 330 331 352 
630 3 352 351 330 
631 3 331 332 353 
632 3 353 352 331 
633 3 332 333 354 
634 3 354 353 332 
635 3 333 334 355 
636 3 355 354 333 
637 3 334 335 356 
638 3 356 355 334 
639 3 335 336 357 
640 3 357 356 335 
641 3 337 338 359 
642 3 359 358 337 
643 3 338 339 360 
644 3 360 359 338 
645 3 339 340 361 
646 3 361 360 339 
647 3 340 341 362 
648 3 362 361 340 
649 3 341 342 363 
650 3 363 362 341 
651 3 342 343 364 
652 3 364 363 342 
653 3 343 344 365 
654 3 365 364 343 
655 3 344 345 366 
656 3 366 365 344 
657 3 345 346 367 
658 3 367 366 345 
659 3 346 347 368 
660 3 368 367 346 
661 3 347 348 369 
662 3 369 368 347 
663 3 348 349 370 
664 3 370 369 348 
665 3 349 350 371 
666 3 371 370 349 
667 3 350 351 372 
668 3 372 371 350 
669 3 351 352 373 
670 3 373 372 351 
671 3 352 353 374 
672 3 374 373 352 
673 3 353 354 375 
674 3 375 374 353 
675 3 354 355 376 
676 3 376 375 354 
677 3 355 356 377 
678 3 377 376 355 
679 3 356 357 378 
680 3 378 377 356 
681 3 358 359 380 
682 3 380 379 358 
683 3 359 360 381 
684 3 381 380 359 
685 3 360 361 382 
686 3 382 381 360 
687 3 361 362 383 
688 3 383 382 361 
689 3 362 363 384 
690 3 384 383 362 
691 3 363 364 385 
692 3 385 384 363 
693 3 364 365 386 
694 3 386 385 364 
695 3 365 366 387 
696 3 387 386 365 
697 3 366 367 388 
698 3 388 387 366 
699 3 367 368 389 
700 3 389 388 367 
701 3 368 369 390 
702 3 390 389 368 
703 3 369 370 391 
704 3 391 390 369 
705 3 370 371 392 
706 3 392 391 370 
707 3 371 372 393 
708 3 393 392 371 
709 3 372 373 394 
710 3 394 393 372 
711 3 373 374 395 
712 3 395 394 373 
713 3 374 375 396 
714 3 396 395 374 
715 3 375 376 397 
716 3 397 396 375 
717 3 376 377 398 
718 3 398 397 376 
719 3 377 378 399 
720 3 399 398 377 
721 3 379 380 401 
722 3 401 400 379 
723 3 380 381 402 
724 3 402 401 380 
725 3 381 382 403 
726 3 403 402 381 
727 3 382 383 404 
728 3 404 403 382 
729 3 383 384 405 
730 3 405 404 383 
731 3 384 385 406 
732 3 406 405 384 
733 3 385 386 407 
734 3 407 406 385 
735 3 386 387 408 
736 3 408 407 386 
737 3 387 388 409 
738 3 409 408 387 
739 3 388 389 410 
740 3 410 409 388 
741 3 389 390 411 
742 3 411 410 389 
743 3 390 391 412 
744 3 412 411 390 
745 3 391 392 413 
746 3 413 412 391 
747 3 392 393 414 
748 3 414 413 392 
749 3 393 394 415 
750 3 415 414 393 
751 3 394 395 416 
752 3 416 415 394 
753 3 395 396 417 
754 3 417 416 395 
755 3 396 397 418 
756 3 418 417 396 
757 3 397 398 419 
758 3 419 418 397 
759 3 398 399 420 
760 3 420 419 398 
761 3 400 401 422 
762 3 422 421 400 
763 3 401 402 423 
764 3 423 422 401 
765 3 402 403 424 
766 3 424 423 402 
767 3 403 404 425 
768 3 425 424 403 
769 3 404 405 426 
770 3 426 425 404 
771 3 405 406 427 
772 3 427 426 405 
773 3 406 407 428 
774 3 428 427 406 
775 3 407 408 429 
776 3 429 428 407 
777 3 408 409 430 
778 3 430 429 408 
779 3 409 410 431 
780 3 431 430 409 
781 3 410 411 432 
782 3 432 431 410 
783 3 411 412 433 
784 3 433 432 411 
785 3 412 413 434 
786 3 434 433 412 
787 3 413 414 435 
788 3 435 434 413 
789 3 414 415 436 
790 3 436 435 414 
791 3 415 416 437 
792 3 437 436 415 
793 3 416 417 438 
794 3 438 437 416 
795 3 417 418 439 
796 3 439 438 417 
797 3 418 419 440 
798 3 440 439 418 
799 3 419 420 441 
800 3 441 440 419 
1 0 0 0
2 0.05 0 0
3 0.1 0 0
4 0.15 0 0
5 0.2 0 0
6 0.25 0 0
7 0.3 0 0
8 0.35 0 0
9 0.4 0 0
10 0.45 0 0
11 0.5 0 0
12 0.55 0 0
13 0.6 0 0
14 0.65 0 0
15 0.7 0 0
16 0.75 0 0
17 0.8 0 0
18 0.85 0 0
19 0.9 0 0
20 0.95 0 0
21 1 0 0
22 0 0.05 0
23 0.05 0.05 0
24 0.1 0.05 0
25 0.15 0.05 0
26 0.2 0.05 0
27 0.25 0.05 0
28 0.3 0.05 0
29 0.35 0.05 0
30 0.4 0.05 0
31 0.45 0.05 0
32 0.5 0.05 0
33 0.55 0.05 0
34 0.6 0.05 0
35 0.65 0.05 0
36 0.7 0.05 0
37 0.75 0.05 0
38 0.8 0.05 0
39 0.85 0.05 0
40 0.9 0.05 0
41 0.95 0.05 0
42 1 0.05 0
43 0 0.1 0
44 0.05 0.1 0
45 0.1 0.1 0
46 0.15 0.1 0
47 0.2 0.1 0
48 0.25 0.1 0
49 0.3 0.1 0
50 0.35 0.1 0
51 0.4 0.1 0
52 0.45 0.1 0
53 0.5 0.1 0
54 0.55 0.1 0
55 0.6 0.1 0
56 0.65 0.1 0
57 0.7 0.1 0
58 0.75 0.1 0
59 0.8 0.1 0
60 0.85 0.1 0
61 0.9 0.1 0
62 0.95 0.1 0
63 1 0.1 0
64 0 0.15 0
65 0.05 0.15 0
66 0.1 0.15 0
67 0.15 0.15 0
68 0.2 0.15 0
69 0.25 0.15 0
70 0.3 0.15 0
71 0.35 0.15 0
72 0.4 0.15 0
73 0.45 0.15 0
74 0.5 0.15 0
75 0.55 0.15 0
76 0.6 0.15 0
77 0.65 0.15 0
78 0.7 0.15 0
79 0.75 0.15 0
80 0.8 0.15 0
81 0.85 0.15 0
82 0.9 0.15 0
83 0.95 0.15 0
84 1 0.15 0
85 0 0.2 0
86 0.05 0.2 0
87 0.1 0.2 0
88 0.15 0.2 0
89 0.2 0.2 0
90 0.25 0.2 0
91 0.3 0.2 0
92 0.35 0.2 0
93 0.4 0.2 0
94 0.45 0.2 0
95 0.5 0.2 0
96 0.55 0.2 0
97 0.6 0.2 0
98 0.65 0.2 0
99 0.7 0.2 0
100 0.75 0.2 0
101 0.8 0.2 0
102 0.85 0.2 0
103 0.9 0.2 0
104 0.95 0.2 0
105 1 0.2 0
106 0 0.25 0
107 0.05 0.25 0
108 0.1 0.25 0
109 0.15 0.25 0
110 0.2 0.25 0
111 0.25 0.25 0
112 0.3 0.25 0
113 0.35 0.25 0
114 0.4 0.25 0
115 0.45 0.25 0
116 0.5 0.25 0
117 0.55 0.25 0
118 0.6 0.25 0
119 0.65 0.25 0
120 0.7 0.25 0
121 0.75 0.25 0
122 0.8 0.25 0
123 0.85 0.25 0
124 0.9 0.25 0
125 0.95 0.25 0
126 1 0.25 0
127 0 0.3 0
128 0.05 0.3 0
129 0.1 0.3 0
130 0.15 0.3 0
131 0.2 0.3 0
132 0.25 0.3 0
133 0.3 0.3 0
134 0.35 0.3 0
135 0.4 0.3 0
136 0.45 0.3 0
137 0.5 0.3 0
138 0.55 0.3 0
139 0.6 0.3 0
140 0.65 0.3 0
141 0.7 0.3 0
142 0.75 0.3 0
143 0.8 0.3 0
144 0.85 0.3 0
145 0.9 0.3 0
146 0.95 0.3 0
147 1 0.3 0
148 0 0.35 0
149 0.05 0.35 0
150 0.1 0.35 0
151 0.15 0.35 0
152 0.2 0.35 0
153 0.25 0.35 0
154 0.3 0.35 0
155 0.35 0.35 0
156 0.4 0.35 0
157 0.45 0.35 0
158 0.5 0.35 0
159 0.55 0.35 0
160 0.6 0.35 0
161 0.65 0.35 0
162 0.7 0.35 0
163 0.75 0.35 0
164 0.8 0.35 0
165 0.85 0.35 0
166 0.9 0.35 0
167 0.95 0.35 0
168 1 0.35 0
169 0 0.4 0
170 0.05 0.4 0
171 0.1 0.4 0
172 0.15 0.4 0
173 0.2 0.4 0
174 0.25 0.4 0
175 0.3 0.4 0
176 0.35 0.4 0
177 0.4 0.4 0
178 0.45 0.4 0
179 0.5 0.4 0
180 0.55 0.4 0
181 0.6 0.4 0
182 0.65 0.4 0
183 0.7 0.4 0
184 0.75 0.4 0
185 0.8 0.4 0
186 0.85 0.4 0
187 0.9 0.4 0
188 0.95 0.4 0
189 1 0.4 0
190 0 0.45 0
191 0.05 0.45 0
192 0.1 0.45 0
193 0.15 0.45 0
194 0.2 0.45 0
195 0.25 0.45 0
196 0.3 0.45 0
197 0.35 0.45 0
198 0.4 0.45 0
199 0.45 0.45 0
200 0.5 0.45 0
201 0.55 0.45 0
202 0.6 0.45 0
203 0.65 0.45 0
204 0.7 0.45 0
205 0.75 0.45 0
206 0.8 0.45 0
207 0.85 0.45 0
208 0.9 0.45 0
209 0.95 0.45 0
210 1 0.45 0
211 0 0.5 0
212 0.05 0.5 0
213 0.1 0.5 0
214 0.15 0.5 0
215 0.2 0.5 0
216 0.25 0.5 0
217 0.3 0.5 0
218 0.35 0.5 0
219 0.4 0.5 0
220 0.45 0.5 0
221 0.5 0.5 0
222 0.55 0.5 0
223 0.6 0.5 0
224 0.65 0.5 0
225 0.7 0.5 0
226 0.75 0.5 0
227 0.8 0.5 0
228 0.85 0.5 0
229 0.9 0.5 0
230 0.95 0.5 0
231 1 0.5 0
232 0 0.55 0
233 0.05 0.55 0
234 0.1 0.55 0
235 0.15 0.55 0
236 0.2 0.55 0
237 0.25 0.55 0
238 0.3 0.55 0
239 0.35 0.55 0
240 0.4 0.55 0
241 0.45 0.55 0
242 0.5 0.55 0
243 0.55 0.55 0
244 0.6 0.55 0
245 0.65 0.55 0
246 0.7 0.55 0
247 0.75 0.55 0
248 0.8 0.55 0
249 0.85 0.55 0
250 0.9 0.55 0
251 0.95 0.55 0
252 1 0.55 0
253 0 0.6 0
254 0.05 0.6 0
255 0.1 0.6 0
256 0.15 0.6 0
257 0.2 0.6 0
258 0.25 0.6 0
259 0.3 0.6 0
260 0.35 0.6 0
261 0.4 0.6 0
262 0.45 0.6 0
263 0.5 0.6 0
264 0.55 0.6 0
265 0.6 0.6 0
266 0.65 0.6 0
267 0.7 0.6 0
268 0.75 0.6 0
269 0.8 0.6 0
270 0.85 0.6 0
271 0.9 0.6 0
272 0.95 0.6 0
273 1 0.6 0
274 0 0.65 0
275 0.05 0.65 0
276 0.1 0.65 0
277 0.15 0.65 0
278 0.2 0.65 0
279 0.25 0.65 0
280 0.3 0.65 0
281 0.35 0.65 0
282 0.4 0.65 0
283 0.45 0.65 0
284 0.5 0.65 0
285 0.55 0.65 0
286 0.6 0.65 0
287 0.65 0.65 0
288 0.7 0.65 0
289 0.75 0.65 0
290 0.8 0.65 0
291 0.85 0.65 0
292 0.9 0.65 0
293 0.95 0.65 0
294 1 0.65 0
295 0 0.7 0
296 0.05 0.7 0
297 0.1 0.7 0
298 0.15 0.7 0
299 0.2 0.7 0
300 0.25 0.7 0
301 0.3 0.7 0
302 0.35 0.7 0
303 0.4 0.7 0
304 0.45 0.7 0
305 0.5 0.7 0
306 0.55 0.7 0
307 0.6 0.7 0
308 0.65 0.7 0
309 0.7 0.7 0
310 0.75 0.7 0
311 0.8 0.7 0
312 0.85 0.7 0
313 0.9 0.7 0
314 0.95 0.7 0
315 1 0.7 0
316 0 0.75 0
317 0.05 0.75 0
318 0.1 0.75 0
319 0.15 0.75 0
320 0.2 0.75 0
321 0.25 0.75 0
322 0.3 0.75 0
323 0.35 0.75 0
324 0.4 0.75 0
325 0.45 0.75 0
326 0.5 0.75 0
327 0.55 0.75 0
328 0.6 0.75 0
329 0.65 0.75 0
330 0.7 0.75 0
331 0.75 0.75 0
332 0.8 0.75 0
333 0.85 0.75 0
334 0.9 0.75 0
335 0.95 0.75 0
336 1 0.75 0
337 0 0.8 0
338 0.05 0.8 0
339 0.1 0.8 0
340 0.15 0.8 0
341 0.2 0.8 0
342 0.25 0.8 0
343 0.3 0.8 0
344 0.35 0.8 0
345 0.4 0.8 0
346 0.45 0.8 0
347 0.5 0.8 0
348 0.55 0.8 0
349 0.6 0.8 0
350 0.65 0.8 0
351 0.7 0.8 0
352 0.75 0.8 0
353 0.8 0.8 0
354 0.85 0.8 0
355 0.9 0.8 0
356 0.95 0.8 0
357 1 0.8 0
358 0 0.85 0
359 0.05 0.85 0
360 0.1 0.85 0
361 0.15 0.85 0
362 0.2 0.85 0
363 0.25 0.85 0
364 0.3 0.85 0
365 0.35 0.85 0
366 0.4 0.85 0
367 0.45 0.85 0
368 0.5 0.85 0
369 0.55 0.85 0
370 0.6 0.85 0
371 0.65 0.85 0
372 0.7 0.85 0
373 0.75 0.85 0
374 0.8 0.85 0
375 0.85 0.85 0
376 0.9 0.85 0
377 0.95 0.85 0
378 1 0.85 0
379 0 0.9 0
380 0.05 0.9 0
381 0.1 0.9 0
382 0.15 0.9 0
383 0.2 0.9 0
384 0.25 0.9 0
385 0.3 0.9 0
386 0.35 0.9 0
387 0.4 0.9 0
388 0.45 0.9 0
389 0.5 0.9 0
390 0.55 0.9 0
391 0.6 0.9 0
392 0.65 0.9 0
393 0.7 0.9 0
394 0.75 0.9 0
395 0.8 0.9 0
396 0.85 0.9 0
397 0.9 0.9 0
398 0.95 0.9 0
399 1 0.9 0
400 0 0.95 0
401 0.05 0.95 0
402 0.1 0.95 0
403 0.15 0.95 0
404 0.2 0.95 0
405 0.25 0.95 0
406 0.3 0.95 0
407 0.35 0.95 0
408 0.4 0.95 0
409 0.45 0.95 0
410 0.5 0.95 0
411 0.55 0.95 0
412 0.6 0.95 0
413 0.65 0.95 0
414 0.7 0.95 0
415 0.75 0.95 0
416 0.8 0.95 0
417 0.85 0.95 0
418 0.9 0.95 0
419 0.95 0.95 0
420 1 0.95 0
421 0 1 0
422 0.05 1 0
423 0.1 1 0
424 0.15 1 0
425 0.2 1 0
426 0.25 1 0
427 0.3 1 0
428 0.35 1 0
429 0.4 1 0
430 0.45 1 0
431 0.5 1 0
432 0.55 1 0
433 0.6 1 0
434 0.65 1 0
435 0.7 1 0
436 0.75 1 0
437 0.8 1 0
438 0.85 1 0
439 0.9 1 0
440 0.95 1 0
441 1 1 0
80 
1
2
3
4
5
6
7
8
9
10
11
12
13
14
15
16
17
18
19
20
21
42
63
84
105
126
147
168
189
210
231
252
273
294
315
336
357
378
399
420
441
440
439
438
437
436
435
434
433
432
431
430
429
428
427
426
425
424
423
422
421
400
379
358
337
316
295
274
253
232
211
190
169
148
127
106
85
64
43
22
