2.00001
2.06793
2.10835
2.15431
2.20166
2.24918
2.29637
2.343
2.38886
2.43384
2.47779
2.5206
2.56218
2.60243
2.64125
2.67858
2.71433
2.74846
2.78095
2.81186
2.84147
2.04999
2.10647
2.15511
2.20278
2.25025
2.29738
2.34397
2.38983
2.43479
2.47874
2.52155
2.56312
2.60334
2.64212
2.67937
2.71503
2.74902
2.78128
2.81179
2.84052
2.86742
2.09984
2.15233
2.20211
2.25045
2.29793
2.34466
2.39059
2.4356
2.47957
2.52239
2.56395
2.60416
2.6429
2.68011
2.71569
2.74956
2.78167
2.81195
2.84035
2.8668
2.89121
2.14945
2.20016
2.24956
2.29774
2.34488
2.39103
2.43618
2.48023
2.5231
2.56469
2.6049
2.64363
2.6808
2.71632
2.75012
2.78212
2.81225
2.84045
2.86665
2.89078
2.91276
2.19868
2.24831
2.29699
2.34459
2.39109
2.43647
2.48069
2.52366
2.56531
2.60555
2.64429
2.68145
2.71693
2.75068
2.7826
2.81263
2.84069
2.86674
2.89069
2.91248
2.93204
2.24741
2.29617
2.34403
2.39084
2.43649
2.48091
2.52404
2.5658
2.60611
2.64489
2.68205
2.71753
2.75124
2.7831
2.81306
2.84103
2.86696
2.89079
2.91244
2.93186
2.94898
2.29553
2.34345
2.39043
2.43629
2.48093
2.52425
2.56615
2.60657
2.64541
2.68262
2.7181
2.7518
2.78363
2.81353
2.84143
2.86728
2.89101
2.91255
2.93187
2.94889
2.96356
2.34291
2.38996
2.43598
2.48081
2.52431
2.56638
2.60693
2.64588
2.68315
2.71866
2.75236
2.78417
2.81404
2.84189
2.86766
2.89131
2.91278
2.932
2.94893
2.96352
2.97572
2.38943
2.43556
2.48056
2.52425
2.56651
2.60722
2.6463
2.68366
2.71923
2.75295
2.78475
2.81459
2.84239
2.86812
2.8917
2.91308
2.93223
2.94908
2.9636
2.97574
2.98545
2.43498
2.48014
2.52404
2.56651
2.60743
2.64667
2.68416
2.71981
2.75358
2.78539
2.81521
2.84297
2.86864
2.89215
2.91347
2.93254
2.94932
2.96377
2.97584
2.9855
2.99271
2.47944
2.52358
2.56634
2.60752
2.647
2.68467
2.72045
2.75428
2.78612
2.81592
2.84365
2.86925
2.8927
2.91394
2.93293
2.94963
2.96401
2.97601
2.98562
2.99279
2.99749
2.5227
2.56581
2.60738
2.64721
2.68517
2.72115
2.7551
2.78699
2.81679
2.84447
2.87001
2.89337
2.91451
2.93341
2.95002
2.96431
2.97625
2.98579
2.99291
2.99758
2.99978
2.56465
2.60675
2.64714
2.68557
2.7219
2.75608
2.78807
2.81788
2.84552
2.87097
2.89421
2.91524
2.93402
2.95051
2.9647
2.97654
2.98601
2.99307
2.9977
2.99987
2.99957
2.6052
2.6464
2.68564
2.72262
2.75721
2.78943
2.8193
2.84689
2.87223
2.89533
2.91619
2.9348
2.95115
2.96519
2.97691
2.98627
2.99325
2.99782
2.99996
2.99965
2.99687
2.64423
2.68479
2.72299
2.75846
2.79116
2.82121
2.84876
2.87395
2.89684
2.91747
2.93586
2.95199
2.96584
2.97738
2.9866
2.99346
2.99794
3.00002
2.99968
2.9969
2.99166
2.68165
2.72213
2.7595
2.79333
2.82384
2.85142
2.87639
2.89897
2.91926
2.93731
2.95313
2.96671
2.97802
2.98703
2.99372
2.99807
3.00005
2.99965
2.99685
2.99164
2.98399
2.71737
2.75901
2.79579
2.82761
2.8554
2.88004
2.90208
2.92182
2.93935
2.95472
2.96791
2.97889
2.98762
2.99408
2.99823
3.00006
2.99955
2.99668
2.99146
2.98385
2.97385
2.75129
2.79698
2.83315
2.86185
2.88589
2.90692
2.92564
2.94231
2.95696
2.96958
2.98009
2.98844
2.99458
2.99847
3.00009
2.9994
2.99641
2.99111
2.98349
2.97356
2.96128
2.78334
2.84057
2.87392
2.89654
2.91508
2.93165
2.94669
2.96015
2.97188
2.98172
2.98955
2.99528
2.99883
3.00017
2.99925
2.99606
2.9906
2.98288
2.97292
2.96074
2.9463
2.81343
2.904
2.92121
2.93098
2.94178
2.95335
2.96467
2.975
2.98387
2.991
2.9962
2.99934
3.00033
2.99912
2.99569
2.99001
2.98211
2.97199
2.95972
2.94536
2.92896
2.84152
3.03656
2.97161
2.95995
2.96316
2.97065
2.97889
2.98648
2.99274
2.9973
2.99995
3.00055
2.99902
2.99531
2.98938
2.98124
2.9709
2.9584
2.94381
2.9273
2.9093
